python torch_nn_Linear_use.py
权重： Parameter containing:
tensor([[-0.0162,  0.1093, -0.2132, -0.0048,  0.0414, -0.1064, -0.2136, -0.2063,
          0.0522,  0.0356, -0.1134,  0.1587, -0.1758,  0.0319,  0.0594, -0.1516,
         -0.0615, -0.1370,  0.0176,  0.1691],
        [-0.1983, -0.0684, -0.1768, -0.1381,  0.1407, -0.1244, -0.0123,  0.2205,
         -0.1510,  0.0520,  0.1446,  0.0321,  0.1237,  0.0445,  0.0066,  0.2004,
         -0.0801,  0.1032,  0.1075, -0.2181],
        [-0.1030,  0.0067,  0.1885, -0.0674, -0.0238,  0.1605, -0.0316, -0.1993,
          0.0905, -0.2120,  0.0202, -0.0749,  0.0069, -0.0655,  0.0470, -0.1692,
          0.0873,  0.0102,  0.1816, -0.1312],
        [ 0.2177,  0.0386, -0.0157,  0.0011, -0.1631,  0.0906, -0.1356, -0.1536,
          0.1384, -0.2210,  0.1958, -0.1343,  0.1283, -0.1380, -0.0353,  0.1458,
         -0.2230,  0.1993, -0.1604, -0.0808],
        [-0.0159,  0.0879, -0.0796,  0.1570, -0.1681,  0.1951,  0.1156,  0.1605,
         -0.1468, -0.1120, -0.2195,  0.0760, -0.1215, -0.1226, -0.0607, -0.0550,
          0.2148, -0.0255, -0.1861,  0.1142],
        [ 0.1177,  0.1666, -0.0383, -0.0658,  0.0404, -0.0590,  0.1472, -0.0755,
          0.0103,  0.1288,  0.1417, -0.0958,  0.0075, -0.0698,  0.0855,  0.0018,
          0.0336, -0.1367,  0.0275,  0.1955],
        [-0.1011,  0.1906, -0.1773,  0.1237, -0.1559, -0.0579,  0.1210,  0.1434,
          0.1487, -0.0843,  0.0983,  0.0137,  0.1333,  0.1653,  0.1356, -0.0565,
          0.1961, -0.0261, -0.2015, -0.0731],
        [-0.1122, -0.0805, -0.0980, -0.0221, -0.1909, -0.0845,  0.2145,  0.1372,
          0.1997, -0.1863,  0.0773, -0.1883, -0.1672,  0.1001, -0.1889,  0.0921,
         -0.2149, -0.1565,  0.1119, -0.1493],
        [-0.0183, -0.0697, -0.0729,  0.1718,  0.2079, -0.1737, -0.2136, -0.0828,
          0.1063,  0.0254,  0.0303,  0.1528, -0.1349, -0.0998, -0.1777,  0.1586,
          0.0889, -0.0412,  0.2052,  0.0294],
        [-0.2161, -0.2141,  0.0442,  0.1095, -0.1190,  0.0300,  0.1328,  0.0425,
          0.2183,  0.2065,  0.1123, -0.0680,  0.1046, -0.1495,  0.1197,  0.1525,
         -0.0953, -0.1073, -0.1229,  0.1041],
        [-0.0678,  0.1148, -0.1689, -0.1181,  0.0245,  0.2184,  0.0718, -0.0555,
          0.1856,  0.0368,  0.2236,  0.1903, -0.0767, -0.1181, -0.2016,  0.0192,
          0.1998, -0.1025,  0.1403,  0.1567],
        [ 0.0943,  0.1370, -0.2030,  0.0940, -0.0294,  0.0341, -0.1979, -0.0591,
          0.2180, -0.2233,  0.0401,  0.1540, -0.1231,  0.1869, -0.1684, -0.1855,
          0.0615,  0.2114, -0.2079, -0.1171],
        [ 0.1055,  0.0642, -0.2062, -0.1983,  0.1634,  0.1528,  0.0688,  0.0254,
         -0.0561,  0.0224, -0.2166,  0.0312,  0.1931, -0.2061, -0.1914, -0.1875,
          0.1737, -0.0570,  0.1939, -0.2190],
        [ 0.1747, -0.1162,  0.1057, -0.1375,  0.2206,  0.2141,  0.1391, -0.1962,
         -0.0478,  0.2122,  0.1690,  0.0317, -0.1355, -0.1849, -0.0208,  0.2066,
         -0.0822, -0.1248, -0.0778, -0.1403],
        [-0.1282, -0.0125,  0.1353,  0.0311,  0.0818, -0.0879,  0.2083, -0.1042,
         -0.1333,  0.2037,  0.0597, -0.1723, -0.0833, -0.0511,  0.1693,  0.1255,
         -0.1646,  0.1273,  0.1796,  0.1264],
        [ 0.2049, -0.1318, -0.1445, -0.1966, -0.1333,  0.1938, -0.0747,  0.1690,
         -0.2193, -0.0080, -0.0546, -0.0459, -0.0139, -0.1116,  0.0746, -0.0325,
         -0.2055,  0.0376,  0.0853, -0.0592],
        [-0.1728, -0.0549, -0.1775,  0.2218,  0.1216,  0.0570,  0.0075, -0.1301,
          0.1597, -0.2170, -0.0737, -0.1552,  0.1187, -0.1448,  0.0809,  0.1986,
         -0.1116,  0.1512,  0.1346,  0.0555],
        [ 0.1906, -0.2071,  0.0792,  0.0745, -0.1400,  0.1176, -0.1759,  0.1375,
          0.0246,  0.0654,  0.1424, -0.1709, -0.1573, -0.2220, -0.0770, -0.0004,
          0.1012, -0.2187,  0.0474,  0.0430],
        [-0.1100,  0.0602,  0.1566,  0.1155,  0.1979,  0.0648,  0.0467, -0.1719,
          0.0695, -0.0866, -0.1716, -0.0119, -0.2082, -0.2037,  0.1043,  0.1878,
         -0.2171, -0.2154, -0.2032,  0.1039],
        [ 0.0621,  0.0258, -0.1871,  0.0136, -0.2185, -0.1638, -0.1924,  0.1974,
         -0.1521, -0.1823,  0.0629, -0.1943, -0.2223, -0.1062,  0.2052,  0.1782,
         -0.0689, -0.0273, -0.0276,  0.1152],
        [-0.1500, -0.0999, -0.0892, -0.1852, -0.1216, -0.0785, -0.0084, -0.0801,
         -0.0504, -0.1436,  0.2202, -0.2165,  0.0078, -0.0381, -0.0868, -0.1348,
          0.2026, -0.1979, -0.0077, -0.0213],
        [-0.1229,  0.1582,  0.2003, -0.0606, -0.0510, -0.2012,  0.1356,  0.0913,
          0.2124,  0.0137, -0.2025, -0.1979, -0.0087, -0.0449,  0.1647, -0.1644,
          0.1062, -0.0288, -0.0311,  0.0245],
        [ 0.0587,  0.1137, -0.2175,  0.0621, -0.0729, -0.1496, -0.0443,  0.1261,
          0.0826,  0.0866,  0.1291, -0.0170,  0.0095, -0.1810, -0.1791, -0.1043,
          0.0933,  0.1270,  0.1609, -0.0520],
        [-0.2067,  0.0959,  0.0561, -0.1011, -0.0416,  0.0643, -0.1954, -0.0072,
          0.0346, -0.0668,  0.1073,  0.1081, -0.0800, -0.0522, -0.2050, -0.0753,
          0.0145, -0.1612, -0.0591,  0.0330],
        [ 0.0533,  0.0506,  0.0527,  0.1902, -0.1386,  0.0526, -0.0787,  0.0140,
         -0.0928, -0.1506, -0.1711,  0.1791,  0.0006, -0.0703, -0.1117,  0.0277,
          0.1041,  0.0024,  0.1749,  0.1563],
        [-0.0114, -0.0615, -0.1870, -0.1808,  0.0750,  0.0069, -0.1241, -0.0904,
         -0.0097,  0.0846, -0.1481,  0.1004, -0.1351, -0.1883, -0.1023, -0.1431,
         -0.0177, -0.0252,  0.0498,  0.1092],
        [ 0.2093, -0.0881, -0.0519,  0.0735,  0.0632,  0.1693,  0.1999,  0.0766,
          0.0787,  0.0418, -0.0233,  0.1245,  0.2178, -0.1248, -0.0115, -0.0882,
         -0.1800,  0.1628, -0.1156, -0.1206],
        [ 0.0396,  0.0444, -0.1310, -0.0210,  0.1881, -0.0070,  0.0881,  0.0428,
          0.1019, -0.0889,  0.1154,  0.0448, -0.1380, -0.0647,  0.1181, -0.1263,
          0.0714,  0.1420,  0.1813,  0.1834],
        [-0.1012, -0.0752, -0.2148,  0.1204, -0.1567,  0.0740, -0.0809, -0.0127,
         -0.0263, -0.1816,  0.1526, -0.0339, -0.0187, -0.0571, -0.0180, -0.1707,
          0.1908,  0.0836, -0.0498, -0.1713],
        [ 0.0666,  0.0465,  0.2165, -0.0597, -0.1012,  0.1975, -0.0109, -0.0096,
         -0.0208, -0.1236,  0.1044,  0.2132, -0.0499,  0.0884, -0.0012,  0.1096,
          0.1296, -0.1845,  0.0586, -0.0533]], requires_grad=True) SIZE是： torch.Size([30, 20])
偏置： Parameter containing:
tensor([-0.2217, -0.1293, -0.0708,  0.1059, -0.0202,  0.0118, -0.0239, -0.1866,
         0.1584,  0.0379,  0.2157, -0.0652, -0.2102,  0.0632, -0.0480, -0.1723,
         0.1723, -0.0553,  0.0933,  0.0178, -0.1070,  0.1034, -0.1185,  0.1543,
         0.2006, -0.0396,  0.1128,  0.0795, -0.2141, -0.1331],
       requires_grad=True) SIZE是： torch.Size([30])
输出尺寸： torch.Size([128, 30])
也是输出尺寸，是为了验证公式y=kx+b: tensor([[-0.7060,  0.2775,  0.5228,  ..., -0.3836, -0.0841,  0.3106],
        [-0.5995,  0.7849, -0.7570,  ..., -0.3736,  0.3715, -0.6175],
        [-0.4964, -0.2310, -0.3287,  ...,  0.3953, -0.3452, -0.8250],
        ...,
        [ 0.5105, -0.1713,  0.3318,  ...,  0.2411,  0.2414, -0.5683],
        [ 0.7397, -1.2373,  1.3388,  ..., -0.5768,  0.8049,  0.3084],
        [-1.2072,  0.8462, -0.1603,  ...,  0.8361,  0.5714,  0.4246]],
       grad_fn=<AddBackward0>) SIZE是： torch.Size([128, 30])
公式成立
